struct part
{
	int number;
	int name[30+1];
	int on_hand;
}


	 0 	 1 	 2 	 3   4 	 5 	 6 	 7 	 8 	 9
	[8] [1] [6] [3] [7] [3] [0] [0] [4] [4]
	 L																	 H

partition = 8

	 0 	 1 	 2 	 3   4 	 5 	 6 	 7 	 8 	 9
	[ ] [1] [6] [3] [7] [3] [0] [0] [4] [4]
	 L																	 H


while (low <= high && partition.number > arr[high].number)
{
	high--;
}

	 0 	 1 	 2 	 3   4 	 5 	 6 	 7 	 8 	 9
	[ ] [1] [6] [3] [7] [3] [0] [0] [4] [4]
	 L																	 H

arr[low++] = arr[high]

	 0 	 1 	 2 	 3   4 	 5 	 6 	 7 	 8 	 9
	[4] [1] [6] [3] [7] [3] [0] [0] [4] [ ]
       L                               H       

while (low <= high && partition.number < arr[low].number)
{
	low++;
}

	 0 	 1 	 2 	 3   4 	 5 	 6 	 7 	 8 	 9
	[4] [1] [6] [3] [7] [3] [0] [0] [4] [ ]
           L                           H       

	 0 	 1 	 2 	 3   4 	 5 	 6 	 7 	 8 	 9
	[4] [1] [6] [3] [7] [3] [0] [0] [4] [ ]
               L                       H       

	 0 	 1 	 2 	 3   4 	 5 	 6 	 7 	 8 	 9
	[4] [1] [6] [3] [7] [3] [0] [0] [4] [ ]
                   L                   H       

	 0 	 1 	 2 	 3   4 	 5 	 6 	 7 	 8 	 9
	[4] [1] [6] [3] [7] [3] [0] [0] [4] [ ]
                       L               H       

	 0 	 1 	 2 	 3   4 	 5 	 6 	 7 	 8 	 9
	[4] [1] [6] [3] [7] [3] [0] [0] [4] [ ]
                           L           H       

	 0 	 1 	 2 	 3   4 	 5 	 6 	 7 	 8 	 9
	[4] [1] [6] [3] [7] [3] [0] [0] [4] [ ]
                               L       H       

	 0 	 1 	 2 	 3   4 	 5 	 6 	 7 	 8 	 9
	[4] [1] [6] [3] [7] [3] [0] [0] [4] [ ]
                                   L   H       

	 0 	 1 	 2 	 3   4 	 5 	 6 	 7 	 8 	 9
	[4] [1] [6] [3] [7] [3] [0] [0] [4] [ ]
                                       LH  

	













